3641153898
3622605003
3637020808
3580768900
3642471179
3555733284
3627777347
3641744075
3622574649
3642871806
3641770473
3624573777
3584093672
3590298911
3622583243
3639138674
3462722848
3604580558
3641793748
3625991293
3622573939
3593211567
3576841226
3625989447
3636799001
3576834678
3622585119
3641774246
3624564351
3642472114
3641796497
3625992325
3641783938
3634999308
3625991395
3640425156
3633149735
3590298929
3641765240
3622576652
3637620004
3617085448
3608414823
3308576612
3591962311
3576836918
3633589581
3602387195
3641747341
3590303295
3619199425
3606666869
3625990469
3634202856
3641248551
3614960059
3622577564
3633587820
3635201514
3625992321
3566191334
3630590325
3587952589
3635201395
3575085739
3425826512
3641785474
3616915972
3632651530
3625991297
3630932404
3477035124
3641787036
3625986898
3618796117
3627825246
3639941690
3642877107
3641795570
3640424128
3630045328
3639932198
3564591163
3584600325
3576839259
3506372721
3624215766
3625954176
3561773331
3556911798
3622579070
3635200227
3625991366
3573076595
3618799200
3594778628
3633587819
3603332905
3637104866
3622573609
3637372631
3616915972
3641798169
3584514099
3633592402
3619736396
3633592401
3639922895
3575098028
3575095176
3621552324
3641784680
3641781481
3640687073
3629301474
3641787916
3642924415
3634140722
3641765005
3590300816
3641798052
3575091443
3641779204
3610839146
3622572175
3608501264
3555268811
3622574891
3600393550
3632749941
3593370819
3604760280
3576839033
3552637088
3566969247
3617084584
3307333329
3622639859
3606688626
3641261440
3633586889
3641795280
3620823901
3640887622
3576835661
3577723786
3594449933
3625993167
3559054361
3576838906
3633590539
3633586888
3627777360
3641796406
3638160930
3625529744
3633591486
3643320570
3633518064
3643300004
3298068474
3641757988
3639069076
3641740411
3635093641
3632753628
3556910776
3643322338
3590315335
3641784262
3535556238
3633591487
3595096403
3633591488
3633593129