3624564351
3639464404
3609487413
3606193612
3638582302
3604741358
3640879452
3555268811
3643733219
3142092869
3639388902
3629775553
3639455944
3644211996
3643524396
3638588977
3643596342
3639647516
3635093641
3641777663
3642991321
3632654392
3637618410
3639070098
3606191754
3641781481
3528220851
3628694107
3505351152
3634522850
3639914074
3640423721
3641207682
3604918949
3606191752
3570612048
3643735086
3643734124
3641775635
3623079419
3609494181
3642924415
3639925809
3639925736
3403560290
3603332905
3505328823
3605478488
3642522842
3642871806
3609493183
3641786047
3551240078
3636493257
3634485340
3639409238
3608370753
3635033808
3637618894
3575805250
3617080613
3639719048
3572308082
3095112138
3609494184
3619755223
3643728974
3609490346
3623247644
3641747180
3624573777
3643347383
3609490347
3635390950
3639923904
3635311371
3630907746
3640887622
3639932198
3609494183
3606197318
3644261186
3609494182
3639930525
3503833085
3631479413
3643098160
3597719423
3605302677
3641783084
3577496144
3642525228
3617084584
3636489669
3640890081
3608493648
3641798169
3626760633
3628564701
3605301769
3451034523
3622599339
3604577925
3609488403
3643033617
3643735087
3628798938
3625992321
3640425156
3609488402
3643783662
3630747689
3594996094
3637627416
2894004745
3604760280
3617894523
3643790639
3580749318
3625992289
3580749423
3642234274
3633149735
3643329026
3641790423
3470758057
3627700997
3643380148
3641764565
3642383751
3641193291
3638548183
3529542142
3581601898
3589002188
3642449645
3643317255
3629395714
3641782638
3639069076
3644223104
3632784236
3266837275
3635123753
3642819992
3639941690
3617969962
3641788481
3604578826
3630411237
3609491330
3376451374
3639731228
3643917911
3642214201
3603759870
3609494185
3641783397
3606197317
3632749708
3637632909
3623237704
3638696221
3593834352
3642995482
3639646550
3617028348
3638177562
3638898163
3590311602
3643123251
3637630949
3453191192
3641794656
3613592132