3632908876
3639922045
3639722183
3608074506
3630127579
3636615793
3639720260
3635642191
3628315283
3630388478
3635137654
3639458862
3639721245
3639238616
3632955614
3642598838
3606043604
3643967808
3639459676
3628743852
3625714386
3636230896
3639920920
3630177361
3643914563
3643963557
3639948295
3633576790
3636101266
3639719256
3639717694
3606656325
3615673124
3620817082
3627299262
3638736595
3639910706
3638069301
3624247102
3626804477
3635528765
3636828111
3639026376
3639723167
3639464213
3639731228
3643714893
3638364503
3643924208
3638950597
3638343364
3636828112
3639724012
3617314282
3643524396
3639724027
3642549075
3639723109
3619515499
3639922912
3637561832
3628784428
3639460696
3620926733
3642821649
3633507795
3642871806
3640423721
3639915804
3644205607
3636826550
3642843475
3639154336
3639710720
3639925809
3640417210
3636438338
3639460655
3640425156
3610504715
3635130228
3643908445
3612688815
3639722176
3640424128
3639718322
3639718424
3640424242
3644204640
3633516369
3630917246
3638718595
3643983648
3627924932
3643941427
3639455944
3632935129
3639721220
3632380351
3639722084
3643509867
3627796896
3639714690
3639923904
3639925442
3642841571
3612754589
3635543605
3643919460
3632509384
3635240860
3643959892
3638065913
3639464404
3639153817
3635686742
3624230874
3630175064
3626116725
3611008838
3639717717
3638522584
3639312962
3639723147
3636302310
3632327992
3629585121
3639722154
3633576682
3639722087
3639717120
3627947359
3639422611
3612592256
3623595893
3639653779
3642864265
3643909028
3632961697
3643986878
3639722256
3639720315
3643979001
3627584379
3642834884
3639925736
3639724062
3639458867
3639717650
3615852126
3639462489
3627200228
3642819992
3634527008
3642841341
3642525228
3638091273
3626721666
3639717968
3631355913
3628246598
3642841597
3639718284
3623095117
3609165774
3625331009
3622082840
3643792044
3642873577
3636908707
3639722113
3639922647
3642550307
3630767416
3643901993