3622572942
3625990422
3631670431
3628917069
3619527246
3612756231
3627015097
3639464404
3642871806
3630388478
3628027597
3639153564
3625990401
3570870563
3642813886
3627030054
3606666869
3638688017
3617085448
3616919319
3643967808
3639350311
3627039396
3624765551
3639945114
3639460655
3639941690
3638787312
3644239709
3633573904
3625529744
3635543605
3630313309
3637768853
3637793993
3638796684
3636799001
3637897740
3639947672
3632651530
3643790300
3639044345
3634202856
3636230896
3625954176
3626165537
3639942752
3643125253
3634716311
3639790946
3630186751
3614625359
3630748624
3639925736
3644206345
3644232124
3638588977
3623891325
3640424128
3623807534
3632692507
3636908707
3643787445
3636472664
3633519035
3624762803
3625992325
3622756307
3643789366
3639171705
3639458867
3632654392
3633542107
3624227401
3627777360
3644203779
3629585121
3619199491
3643123251
3627044856
3623207198
3635642191
3625992321
3636418394
3634764121
3639937498
3638590770
3639147935
3639928413
3639932198
3618664424
3616793927
3630388117
3627825246
3642819992
3624660625
3644231444
3642525228
3628564701
3643780159
3642545778
3636015691
3627779187
3628798938
3642572685
3632972430
3615937520
3629775553
3619429268
3632547910
3610074238
3629520878
3631618189
3639940010
3629205342
3639049311
3609874281
3632749941
3624206900
3616915972
3631758225
3644227181
3622756308
3631279901
3639069076
3628246598
3625992284
3633931954
3618029993
3627200228
3635628233
3608194777
3614907264
3613562559
3639238616
3630768252
3618659957
3639458862
3638736595
3639922912
3643792175
3636826550
3642873577
3633522070
3624206545
3625992204
3634610506
3642867658
3639922895
3630106856
3624669906
3627777347
3630932404
3639395350
3622761092
3636828112
3632595988
3636493257
3622578254
3633072413
3637104866
3624765552
3637761323
3632753628
3638091273
3622575209
3617080613
3625991293
3639462489
3640425156
3642864265
3628584634
3628783439
3643707243
3636489669