3642356431
3622576393
3636826550
3638736595
3637643000
3642525228
3590305841
3637638819
3637643000
3619007078
3636828112
3623207198
3642029762
3644239709
3628246598
3580984723
3566602502
3623079419
3641783258
3613049246
3639719041
3580749318
3636230896
3641764699
3545536085
3642627674
3642397065
3638853175
3601425642
3622207175
3582723550
3641795570
3605441763
3624206900
3642647680
3622576047
3641788481
3635543605
3641192913
3629585121
3638588977
3639922912
3606969394
3452723355
3633537276
3617080613
3593582006
3613425991
3638522584
3642825090
3639350311
3568530188
3642873577
3628584634
3644206345
3594778628
3534580640
3634485340
3605921429
3590307621
3638279017
3378925922
3641764565
3635123753
3638272958
3640890081
3628564701
3622572647
3643094435
3616793927
3630767416
3643524396
3641747341
3639923949
3622571553
3643789366
3630747689
3628050367
3642525606
3642390040
3590311375
3642545778
3639044345
3627299262
3642994170
3644231444
3637761323
3644211996
3590305813
3630388478
3622571776
3580772051
3641918217
3602387195
3570850818
3637639854
3643714893
3580749423
3642813886
3644245021
3637634554
3636908707
3632547910
3642434006
3610121605
3603759870
3643790300
3619179588
3639940010
3462722848
3590308681
3618796117
3636581803
3597719423
3635859647
3642572685
3588476912
3470758057
3640879452
3639462489
3629775553
3642825142
3641744130
3633542107
3590312323
3638091273
3639458862
3575089289
3644227181
3641120323
3575819531
3641799586
3624206545
3639460655
3639458867
3580750277
3580746592
3642802299
3580497409
3637630949
3641900219
2894004745
3639937498
3641798169
3640604905
3644203779
3608493648
3590304944
3617314282
3530231766
3637633714
3590304948
3624932495
3641786047
3622574225
3639152199
3636828111
3639238616
3581785763
3641794656
3617085448
3613562559
3637897740
3642973090
3637026820
3591993340
3642021477
3581601898
3627200228
3627030054
3580725899
3600788501
3623863719
3605440832
3632917449